1) линейная функция
|№              |1              |2              |3              |4              |5              |6              |7              |8              |
|X              |1,00000        |2,00000        |3,00000        |4,00000        |5,00000        |6,00000        |7,00000        |8,00000        |
|Y              |1,00000        |4,00000        |9,00000        |16,00000       |-24,00000      |36,00000       |49,00000       |-65,00000      |
|F(X)           |2,42445        |2,01802        |1,61159        |1,20516        |0,79873        |0,39230        |-0,01413       |-0,42056       |
|E              |1,42445        |-1,98198       |-7,38841       |-14,79484      |24,79873       |-35,60770      |-49,01413      |64,57944       |

2) полиномиальная функция 2-й степени
|№              |1              |2              |3              |4              |5              |6              |7              |8              |
|X              |1,00000        |2,00000        |3,00000        |4,00000        |5,00000        |6,00000        |7,00000        |8,00000        |
|Y              |1,00000        |4,00000        |9,00000        |16,00000       |-24,00000      |36,00000       |49,00000       |-65,00000      |
|F(X)           |4,47859        |3,75192        |2,71190        |1,35854        |-0,30817       |-2,28821       |-4,58159       |-7,18832       |
|E              |3,47859        |-0,24808       |-6,28810       |-14,64146      |23,69183       |-38,28821      |-53,58159      |57,81168       |

3) полиномиальная функция 3-й степени
|№              |1              |2              |3              |4              |5              |6              |7              |8              |
|X              |1,00000        |2,00000        |3,00000        |4,00000        |5,00000        |6,00000        |7,00000        |8,00000        |
|Y              |1,00000        |4,00000        |9,00000        |16,00000       |-24,00000      |36,00000       |49,00000       |-65,00000      |
|F(X)           |8,57688        |8,04179        |6,86332        |4,84983        |1,80963        |-2,44892       |-8,11750       |-15,38778      |
|E              |7,57688        |4,04179        |-2,13668       |-11,15017      |25,80963       |-38,44892      |-57,11750      |49,61222       |

4) экспоненциальная функция
|№              |1              |2              |3              |4              |5              |6              |7              |8              |
|X              |1,00000        |2,00000        |3,00000        |4,00000        |5,00000        |6,00000        |7,00000        |8,00000        |
|Y              |1,00000        |4,00000        |9,00000        |16,00000       |-24,00000      |36,00000       |49,00000       |-65,00000      |
|F(X)           |NaN            |NaN            |NaN            |NaN            |NaN            |NaN            |NaN            |NaN            |
|E              |NaN            |NaN            |NaN            |NaN            |NaN            |NaN            |NaN            |NaN            |

5) логарифмическая функция
|№              |1              |2              |3              |4              |5              |6              |7              |8              |
|X              |1,00000        |2,00000        |3,00000        |4,00000        |5,00000        |6,00000        |7,00000        |8,00000        |
|Y              |1,00000        |4,00000        |9,00000        |16,00000       |-24,00000      |36,00000       |49,00000       |-65,00000      |
|F(X)           |1,66847        |1,79547        |1,86976        |1,92246        |1,96335        |1,99675        |2,02499        |2,04946        |
|E              |0,66847        |-2,20453       |-7,13024       |-14,07754      |25,96335       |-34,00325      |-46,97501      |67,04946       |

6) степенная функция
|№              |1              |2              |3              |4              |5              |6              |7              |8              |
|X              |1,00000        |2,00000        |3,00000        |4,00000        |5,00000        |6,00000        |7,00000        |8,00000        |
|Y              |1,00000        |4,00000        |9,00000        |16,00000       |-24,00000      |36,00000       |49,00000       |-65,00000      |
|F(X)           |NaN            |NaN            |NaN            |NaN            |NaN            |NaN            |NaN            |NaN            |
|E              |NaN            |NaN            |NaN            |NaN            |NaN            |NaN            |NaN            |NaN            |

